<?xml version="1.0" encoding="UTF-8" standalone="no" ?>
<SimscapeMultibodyImportXML version="2.0" xmlns="urn:mathworks:SimscapeMultibody:import" xmlns:xsi="http://www.w3.org/2001/XMLSchema-instance">
<Created by="" on="06/17/24||01:36:52" using="Simscape Multibody Link Version 7.0" from="SolidWorks 29.5.0"/>
<ModelUnits mass="kilogram" length="millimeter"/>
<DataUnits mass="kilogram" length="meter"/>
<RootAssembly name="ROBOT_OK" uid="ROBOT_OK" version="214">
<AssemblyFile name="ROBOT_OK.SLDASM" type="SolidWorks Assembly"/>
<InstanceTree>
<Instance name="link6-1" uid="link6-1" entityUid="link6*:*Default">
<Transform>
<Rotation>0.0022375323673537732 0.99939082701910209 -0.034827694712399548 0.064074543600268596 -0.034899496702317345 -0.99733468704960926 -0.99794260672211121 1.1657905565845823e-14 -0.064113599873019733</Rotation>
<Translation>1.2159270912691282 -0.051966900343591881 1.5249999999999142</Translation>
</Transform>
</Instance>
<Instance name="ROBOT_BASE_1000-1" uid="ROBOT_BASE_1000-1" entityUid="ROBOT_BASE_1000*:*Predeterminado">
<Transform>
<Rotation>1 0 0 0 0 -1.0000000000000002 0 0.99999999999999989 0</Rotation>
<Translation>0 0 0</Translation>
</Transform>
</Instance>
<Instance name="ROBOT_PIVOT_1005-1" uid="ROBOT_PIVOT_1005-1" entityUid="ROBOT_PIVOT_1005*:*Predeterminado">
<Transform>
<Rotation>0.034899496702317075 0 0.99939082701910209 0.99939082701910209 1.5968129596366509e-15 -0.034899496702317061 -1.6020865359741054e-15 1.0000000000000002 0</Rotation>
<Translation>0.25911776338227183 -0.030061392116513735 1.3550549567624071</Translation>
</Transform>
</Instance>
<Instance name="ROBOT_PIVOT_1001-1" uid="ROBOT_PIVOT_1001-1" entityUid="ROBOT_PIVOT_1001*:*Predeterminado">
<Transform>
<Rotation>0.034899496702316832 4.6739291607027021e-14 0.99939082701910209 0.99939082701910209 0 -0.034899496702316832 -1.5872213547536051e-15 1 -4.6712354284695309e-14</Rotation>
<Translation>1.8551923148512161e-14 0 0.39692349863777077</Translation>
</Transform>
</Instance>
<Instance name="ROBOT_ARM_1004-1" uid="ROBOT_ARM_1004-1" entityUid="ROBOT_ARM_1004*:*Predeterminado">
<Transform>
<Rotation>0.03489949670231688 -0.0087212195212814942 0.99935277327877892 0.99939082701910209 0.0003045516965895583 -0.034898167836422751 -1.5642602746755274e-15 0.99996192306423637 0.0087265354909194619</Rotation>
<Translation>0.25694495679865026 -0.092023307785184166 0.67500000000009408</Translation>
</Transform>
</Instance>
<Instance name="ROBOT_ARM_1009-1" uid="ROBOT_ARM_1009-1" entityUid="ROBOT_ARM_1009*:*Predeterminado">
<Transform>
<Rotation>-0.034899496702317491 1.1712852909795402e-14 0.99939082701910209 -0.99939082701910209 -2.0270243816788991e-15 -0.034899496702317498 1.6155479387386412e-15 -1 1.1685097334179773e-14</Rotation>
<Translation>0.93062637812787685 -0.1415646295619456 1.5249999999999109</Translation>
</Transform>
</Instance>
<Instance name="ROBOT_ARM_1008-1" uid="ROBOT_ARM_1008-1" entityUid="ROBOT_ARM_1008*:*Predeterminado">
<Transform>
<Rotation>-0.034899496702317338 -2.6125020808681392e-16 0.99939082701910209 -0.99939082701910209 -1.5461365983401003e-15 -0.034899496702317338 1.5543122344752196e-15 -1 -2.07131672403691e-16</Rotation>
<Translation>0.4568897581480833 -0.025460732598181962 1.5249999999999109</Translation>
</Transform>
</Instance>
</InstanceTree>
<Constraints>
<Coincident name="Coincident1">
<ConstraintGeometry geomType="plane">
<InstancePath>
<Uid>ROBOT_BASE_1000-1</Uid>
</InstancePath>
<Position>-0.22534239561171671 0.39692349863782594 0.22516000000000377</Position>
<Axis>0 0.99999999999999989 0</Axis>
</ConstraintGeometry>
<ConstraintGeometry geomType="plane">
<InstancePath>
<Uid>ROBOT_PIVOT_1001-1</Uid>
</InstancePath>
<Position>-0.280822940036004 5.5233595475101538e-14 0.28079756144515589</Position>
<Axis>0 -1 0</Axis>
</ConstraintGeometry>
</Coincident>
<Concentric name="Concentric1">
<ConstraintGeometry geomType="cylinder">
<InstancePath>
<Uid>ROBOT_BASE_1000-1</Uid>
</InstancePath>
<Position>0 0.45092349863782594 0</Position>
<Axis>0 -0.99999999999999989 0</Axis>
</ConstraintGeometry>
<ConstraintGeometry geomType="cylinder">
<InstancePath>
<Uid>ROBOT_PIVOT_1001-1</Uid>
</InstancePath>
<Position>0 0.19900000000000007 0</Position>
<Axis>0 -1 0</Axis>
</ConstraintGeometry>
</Concentric>
<Concentric name="Concentric2">
<ConstraintGeometry geomType="cylinder">
<InstancePath>
<Uid>ROBOT_PIVOT_1001-1</Uid>
</InstancePath>
<Position>-0.1029999999999982 0.2780765013623232 0.25999999999997586</Position>
<Axis>1.0000000000000002 0 0</Axis>
</ConstraintGeometry>
<ConstraintGeometry geomType="cylinder">
<InstancePath>
<Uid>ROBOT_ARM_1004-1</Uid>
</InstancePath>
<Position>-0.01999999999999999 -1.1102230246251565e-16 0</Position>
<Axis>1.0000000000000002 0 0</Axis>
</ConstraintGeometry>
</Concentric>
<Coincident name="Coincident2">
<ConstraintGeometry geomType="plane">
<InstancePath>
<Uid>ROBOT_PIVOT_1001-1</Uid>
</InstancePath>
<Position>-0.082999999999998186 0.37505650136231117 0.16290069849038219</Position>
<Axis>-1.0000000000000002 0 0</Axis>
</ConstraintGeometry>
<ConstraintGeometry geomType="plane">
<InstancePath>
<Uid>ROBOT_ARM_1004-1</Uid>
</InstancePath>
<Position>0 0 0</Position>
<Axis>1.0000000000000002 0 0</Axis>
</ConstraintGeometry>
</Coincident>
<Concentric name="Concentric4">
<ConstraintGeometry geomType="cylinder">
<InstancePath>
<Uid>ROBOT_ARM_1004-1</Uid>
</InstancePath>
<Position>-0.015999999999997599 0.67997410768362121 0.0059340441393782029</Position>
<Axis>-1.0000000000000002 0 0</Axis>
</ConstraintGeometry>
<ConstraintGeometry geomType="cylinder">
<InstancePath>
<Uid>ROBOT_PIVOT_1005-1</Uid>
</InstancePath>
<Position>-0.10880470399969473 -5.4956762324254171e-05 -9.0432914568450151e-06</Position>
<Axis>1.0000000000000002 0 0</Axis>
</ConstraintGeometry>
</Concentric>
<Coincident name="Coincident3">
<ConstraintGeometry geomType="plane">
<InstancePath>
<Uid>ROBOT_ARM_1004-1</Uid>
</InstancePath>
<Position>-0.035999999999997617 0.62843056781961648 -0.046598000928251088</Position>
<Axis>1.0000000000000002 0 0</Axis>
</ConstraintGeometry>
<ConstraintGeometry geomType="plane">
<InstancePath>
<Uid>ROBOT_PIVOT_1005-1</Uid>
</InstancePath>
<Position>-0.097999999999996604 -0.052054956762370264 -0.052008945625759612</Position>
<Axis>-1.0000000000000002 0 0</Axis>
</ConstraintGeometry>
</Coincident>
<Coincident name="Coincident4">
<ConstraintGeometry geomType="plane">
<InstancePath>
<Uid>ROBOT_PIVOT_1005-1</Uid>
</InstancePath>
<Position>-0.093461821125115238 0.064905043237660109 0.1974909567085355</Position>
<Axis>1.2337353361147052e-14 0 1.0000000000000002</Axis>
</ConstraintGeometry>
<ConstraintGeometry geomType="plane">
<InstancePath>
<Uid>ROBOT_ARM_1008-1</Uid>
</InstancePath>
<Position>-0.10513869803511583 -0.1050399999998437 -2.2204460492503131e-16</Position>
<Axis>0 -1.2088895510428177e-14 1.0000000000000002</Axis>
</ConstraintGeometry>
</Coincident>
<Concentric name="Concentric5">
<ConstraintGeometry geomType="cylinder">
<InstancePath>
<Uid>ROBOT_PIVOT_1005-1</Uid>
</InstancePath>
<Position>0.011499999999999979 0.16994504323750403 0.19749095670853334</Position>
<Axis>0 0 -1.0000000000000002</Axis>
</ConstraintGeometry>
<ConstraintGeometry geomType="cylinder">
<InstancePath>
<Uid>ROBOT_ARM_1008-1</Uid>
</InstancePath>
<Position>0 0 0</Position>
<Axis>0 0 1.0000000000000002</Axis>
</ConstraintGeometry>
</Concentric>
<Coincident name="Coincident5">
<ConstraintGeometry geomType="plane">
<InstancePath>
<Uid>ROBOT_ARM_1008-1</Uid>
</InstancePath>
<Position>0.099500000000004613 0.031200000000179973 0.44630007139063715</Position>
<Axis>1.0000000000000002 0 0</Axis>
</ConstraintGeometry>
<ConstraintGeometry geomType="plane">
<InstancePath>
<Uid>ROBOT_ARM_1009-1</Uid>
</InstancePath>
<Position>0 0 0</Position>
<Axis>1.0000000000000002 0 0</Axis>
</ConstraintGeometry>
</Coincident>
<Concentric name="Concentric6">
<ConstraintGeometry geomType="cylinder">
<InstancePath>
<Uid>ROBOT_ARM_1008-1</Uid>
</InstancePath>
<Position>0.10450000000000524 0 0.47750000000005305</Position>
<Axis>-1.0000000000000002 0 0</Axis>
</ConstraintGeometry>
<ConstraintGeometry geomType="cylinder">
<InstancePath>
<Uid>ROBOT_ARM_1009-1</Uid>
</InstancePath>
<Position>0.0050000000000026273 0 0</Position>
<Axis>1.0000000000000002 0 0</Axis>
</ConstraintGeometry>
</Concentric>
<Concentric name="Concentric7">
<ConstraintGeometry geomType="cylinder">
<InstancePath>
<Uid>ROBOT_ARM_1009-1</Uid>
</InstancePath>
<Position>-0.099500000000006056 0 0.19699999999997386</Position>
<Axis>0 0 1.0000000000000002</Axis>
</ConstraintGeometry>
<ConstraintGeometry geomType="cylinder">
<InstancePath>
<Uid>link6-1</Uid>
</InstancePath>
<Position>2.2204460492503131e-16 -0.049999999999999822 0</Position>
<Axis>0 -1.0000000000000002 0</Axis>
</ConstraintGeometry>
</Concentric>
<Coincident name="Coincident6">
<ConstraintGeometry geomType="plane">
<InstancePath>
<Uid>ROBOT_ARM_1009-1</Uid>
</InstancePath>
<Position>-0.070999999999866184 2.2204460492503131e-16 0.18199999999998373</Position>
<Axis>0 0 1.0000000000000002</Axis>
</ConstraintGeometry>
<ConstraintGeometry geomType="plane">
<InstancePath>
<Uid>link6-1</Uid>
</InstancePath>
<Position>0 -0.099999999999999867 0</Position>
<Axis>0 -1.0000000000000002 0</Axis>
</ConstraintGeometry>
</Coincident>
<Coincident name="Coincident10">
<ConstraintGeometry geomType="point">
<InstancePath>
<Uid>ROBOT_BASE_1000-1</Uid>
</InstancePath>
<Position>0 0 0</Position>
</ConstraintGeometry>
<ConstraintGeometry geomType="point">
<InstancePath>
<Uid>ROBOT_OK</Uid>
</InstancePath>
<Position>0 0 0</Position>
</ConstraintGeometry>
</Coincident>
<Parallel name="Parallel4">
<ConstraintGeometry geomType="plane">
<InstancePath>
<Uid>ROBOT_BASE_1000-1</Uid>
</InstancePath>
<Position>-0.27872000054161206 0.0059999999999988569 0.29270110638503422</Position>
<Axis>0 -0.99999999999999989 0</Axis>
</ConstraintGeometry>
<ConstraintGeometry geomType="plane">
<InstancePath>
<Uid>ROBOT_OK</Uid>
</InstancePath>
<Position>0 0 0</Position>
<Axis>0 0 1</Axis>
</ConstraintGeometry>
</Parallel>
<Parallel name="Parallel5">
<ConstraintGeometry geomType="plane">
<InstancePath>
<Uid>ROBOT_BASE_1000-1</Uid>
</InstancePath>
<Position>0.22655905286122685 0.1148244590292358 -0.29608171669034816</Position>
<Axis>1 0 0</Axis>
</ConstraintGeometry>
<ConstraintGeometry geomType="plane">
<InstancePath>
<Uid>ROBOT_OK</Uid>
</InstancePath>
<Position>0 0 0</Position>
<Axis>1 0 0</Axis>
</ConstraintGeometry>
</Parallel>
</Constraints>
</RootAssembly>
<Assemblies>
</Assemblies>
<Parts>
<Part name="ROBOT_ARM_1004" uid="ROBOT_ARM_1004*:*Predeterminado" version="117">
<ModelUnits mass="kilogram" length="millimeter"/>
<PartFile name="ROBOT_ARM_1004.sldprt" type="SolidWorks Part"/>
<MassProperties>
<Mass>13.817119273278017</Mass>
<CenterOfMass>-0.10549016945201618 0.31909589789603937 0.0030157120637550375</CenterOfMass>
<Inertia>0.62811085063805505 0.062500260514895559 0.63207649331128402 -0.0053212099389840003 3.2014111905638695e-05 0.030519186806432341</Inertia>
</MassProperties>
<GeometryFile name="ROBOT_ARM_1004_Predeterminado_sldprt.STEP" type="STEP"/>
<VisualProperties>
<Ambient r="1" g="1" b="0.94901960784313721" a="1"/>
<Diffuse r="1" g="1" b="0.94901960784313721" a="1"/>
<Specular r="0.5" g="0.5" b="0.47450980392156861" a="1"/>
<Emissive r="0" g="0" b="0" a="1"/>
<Shininess>0.40000000596046448</Shininess>
</VisualProperties>
</Part>
<Part name="ROBOT_ARM_1008" uid="ROBOT_ARM_1008*:*Predeterminado" version="151">
<ModelUnits mass="kilogram" length="millimeter"/>
<PartFile name="ROBOT_ARM_1008.sldprt" type="SolidWorks Part"/>
<MassProperties>
<Mass>0</Mass>
<CenterOfMass>0 0 0</CenterOfMass>
<Inertia>0 0 0 0 0 0</Inertia>
</MassProperties>
<GeometryFile name="ROBOT_ARM_1008_Predeterminado_sldprt.STEP" type="STEP"/>
<VisualProperties>
<Ambient r="1" g="1" b="0.94901960784313721" a="1"/>
<Diffuse r="1" g="1" b="0.94901960784313721" a="1"/>
<Specular r="0.5" g="0.5" b="0.47450980392156861" a="1"/>
<Emissive r="0" g="0" b="0" a="1"/>
<Shininess>0.40000000596046448</Shininess>
</VisualProperties>
</Part>
<Part name="ROBOT_ARM_1009" uid="ROBOT_ARM_1009*:*Predeterminado" version="575">
<ModelUnits mass="kilogram" length="millimeter"/>
<PartFile name="ROBOT_ARM_1009.sldprt" type="SolidWorks Part"/>
<MassProperties>
<Mass>2.475811754767129</Mass>
<CenterOfMass>-0.094847221756752809 -9.2606772638853963e-06 0.075604464154282291</CenterOfMass>
<Inertia>0.016727814829355214 0.023468507742178669 0.011452424285313133 8.7619349850573933e-07 0.002796436571151085 7.2203037287734938e-08</Inertia>
</MassProperties>
<GeometryFile name="ROBOT_ARM_1009_Predeterminado_sldprt.STEP" type="STEP"/>
<VisualProperties>
<Ambient r="1" g="1" b="0.94901960784313721" a="1"/>
<Diffuse r="1" g="1" b="0.94901960784313721" a="1"/>
<Specular r="0.5" g="0.5" b="0.47450980392156861" a="1"/>
<Emissive r="0" g="0" b="0" a="1"/>
<Shininess>0.40000000596046448</Shininess>
</VisualProperties>
</Part>
<Part name="ROBOT_BASE_1000" uid="ROBOT_BASE_1000*:*Predeterminado" version="110">
<ModelUnits mass="kilogram" length="millimeter"/>
<PartFile name="ROBOT_BASE_1000.sldprt" type="SolidWorks Part"/>
<MassProperties>
<Mass>562.35799744500935</Mass>
<CenterOfMass>0.0015015320978679159 0.19770128559110547 -0.039198058954156338</CenterOfMass>
<Inertia>17.084520952616831 18.076921436423277 14.033973403302486 -0.11030811273043142 0.2583633080561229 -0.00053100186408616148</Inertia>
</MassProperties>
<GeometryFile name="ROBOT_BASE_1000_Predeterminado_sldprt.STEP" type="STEP"/>
<VisualProperties>
<Ambient r="0.6470588235294118" g="0.61960784313725492" b="0.58823529411764708" a="1"/>
<Diffuse r="0.6470588235294118" g="0.61960784313725492" b="0.58823529411764708" a="1"/>
<Specular r="0.45294117647058824" g="0.43372549019607842" b="0.41176470588235292" a="1"/>
<Emissive r="0" g="0" b="0" a="1"/>
<Shininess>0.3125</Shininess>
</VisualProperties>
</Part>
<Part name="ROBOT_PIVOT_1001" uid="ROBOT_PIVOT_1001*:*Predeterminado" version="198">
<ModelUnits mass="kilogram" length="millimeter"/>
<PartFile name="ROBOT_PIVOT_1001.sldprt" type="SolidWorks Part"/>
<MassProperties>
<Mass>24.335421099134724</Mass>
<CenterOfMass>0.0090161142315025519 0.16516173088320965 0.11298952438162729</CenterOfMass>
<Inertia>0.85502134333804602 0.71608210215587709 0.50776202619794519 -0.27003017995657125 -0.021169044244590419 -0.022925881445583871</Inertia>
</MassProperties>
<GeometryFile name="ROBOT_PIVOT_1001_Predeterminado_sldprt.STEP" type="STEP"/>
<VisualProperties>
<Ambient r="1" g="1" b="0.94901960784313721" a="1"/>
<Diffuse r="1" g="1" b="0.94901960784313721" a="1"/>
<Specular r="0.5" g="0.5" b="0.47450980392156861" a="1"/>
<Emissive r="0" g="0" b="0" a="1"/>
<Shininess>0.40000000596046448</Shininess>
</VisualProperties>
</Part>
<Part name="ROBOT_PIVOT_1005" uid="ROBOT_PIVOT_1005*:*Predeterminado" version="114">
<ModelUnits mass="kilogram" length="millimeter"/>
<PartFile name="ROBOT_PIVOT_1005.sldprt" type="SolidWorks Part"/>
<MassProperties>
<Mass>6.5855667301857492</Mass>
<CenterOfMass>-0.0010076855897975447 0.082714674186915971 0.068553629829668186</CenterOfMass>
<Inertia>0.10738776244949784 0.077400359832136029 0.088229708745869759 -0.035032184279504087 -0.014339512106099751 -0.019216435283750374</Inertia>
</MassProperties>
<GeometryFile name="ROBOT_PIVOT_1005_Predeterminado_sldprt.STEP" type="STEP"/>
<VisualProperties>
<Ambient r="1" g="1" b="0.94901960784313721" a="1"/>
<Diffuse r="1" g="1" b="0.94901960784313721" a="1"/>
<Specular r="0.5" g="0.5" b="0.47450980392156861" a="1"/>
<Emissive r="0" g="0" b="0" a="1"/>
<Shininess>0.40000000596046448</Shininess>
</VisualProperties>
</Part>
<Part name="link6" uid="link6*:*Default" version="160">
<ModelUnits mass="kilogram" length="millimeter"/>
<PartFile name="link6.SLDPRT" type="SolidWorks Part"/>
<MassProperties>
<Mass>2.5184769921596559</Mass>
<CenterOfMass>0 -0.053006954205225429 2.9286258835900432e-09</CenterOfMass>
<Inertia>0.0026182257660569501 0.0018586359604265263 0.0019864582129424028 1.5113753293418822e-09 0 0</Inertia>
</MassProperties>
<GeometryFile name="link6_Default_sldprt.STEP" type="STEP"/>
<VisualProperties>
<Ambient r="0.6470588235294118" g="0.61960784313725492" b="0.58823529411764708" a="1"/>
<Diffuse r="0.6470588235294118" g="0.61960784313725492" b="0.58823529411764708" a="1"/>
<Specular r="0.45294117647058824" g="0.43372549019607842" b="0.41176470588235292" a="1"/>
<Emissive r="0" g="0" b="0" a="1"/>
<Shininess>0.3125</Shininess>
</VisualProperties>
</Part>
</Parts>
</SimscapeMultibodyImportXML>
